10	32400	50400	97200	115200	
15	57600	61200	64800	68400	72000	75600	79200	90000	140400	144000	147600	151200	154800	158400	162000	165600	
35	39600	43200	46800	50400	54000	57600	64800	68400	72000	75600	97200	104400	108000	111600	115200	118800	122400	126000	129600	133200	136800	140400	144000	147600	151200	154800	158400	162000	169200	172800	230400	234000	237600	241200	244800	248400	255600	259200	316800	320400	324000	327600	331200	334800	342000	345600	403200	406800	410400	414000	417600	421200	428400	432000	489600	493200	496800	500400	504000	507600	514800	518400	576000	579600	583200	586800	590400	594000	601200	
40	54000	79200	93600	97200	100800	104400	108000	111600	115200	118800	122400	126000	129600	133200	136800	140400	144000	147600	151200	154800	158400	162000	165600	169200	172800	176400	230400	234000	237600	241200	244800	248400	252000	255600	259200	262800	316800	320400	324000	327600	331200	334800	338400	342000	345600	349200	403200	406800	410400	414000	417600	421200	424800	428400	432000	435600	489600	493200	496800	500400	504000	507600	511200	514800	518400	522000	576000	579600	583200	586800	590400	594000	597600	601200	
50	97200	100800	104400	108000	111600	115200	118800	122400	126000	129600	133200	136800	140400	144000	147600	151200	154800	158400	162000	165600	169200	172800	176400	180000	183600	187200	190800	255600	259200	262800	266400	270000	273600	277200	342000	345600	349200	352800	356400	360000	363600	428400	432000	435600	439200	442800	446400	450000	514800	518400	522000	525600	529200	532800	536400	601200	
101	32400	36000	50400	54000	57600	61200	97200	100800	115200	118800	
103	36000	54000	57600	61200	64800	100800	118800	
105	36000	54000	57600	100800	118800	
107	36000	54000	57600	61200	64800	100800	118800	
109	36000	54000	57600	61200	64800	68400	72000	75600	79200	82800	86400	90000	100800	118800	
111	36000	39600	43200	54000	57600	61200	64800	68400	72000	75600	79200	82800	86400	90000	100800	104400	108000	111600	118800	122400	126000	
113	36000	39600	43200	46800	54000	57600	61200	64800	68400	72000	75600	79200	82800	86400	93600	100800	104400	108000	111600	118800	122400	126000	129600	
115	36000	43200	54000	57600	61200	64800	68400	72000	75600	79200	100800	104400	108000	118800	122400	126000	
117	36000	54000	100800	118800	
119	39600	104400	122400	
120	39600	54000	104400	118800	122400	
141	57600	136800	
143	57600	61200	64800	68400	72000	75600	79200	136800	
145	50400	68400	111600	129600	
147	46800	75600	108000	111600	115200	118800	122400	126000	
149	46800	108000	115200	118800	122400	126000	129600	
151	43200	108000	129600	
157	39600	104400	122400	
159	39600	43200	104400	108000	122400	126000	
161	39600	43200	46800	50400	54000	100800	104400	108000	111600	115200	122400	126000	129600	133200	136800	
163	39600	43200	46800	50400	54000	100800	104400	108000	111600	115200	122400	126000	129600	133200	
164	72000	75600	79200	82800	133200	136800	140400	144000	151200	154800	158400	162000	165600	
166	154800	158400	162000	165600	216000	219600	223200	226800	234000	237600	241200	244800	248400	252000	255600	
167	39600	43200	46800	50400	54000	97200	104400	108000	111600	115200	118800	122400	126000	129600	133200	136800	140400	
169	39600	43200	46800	50400	54000	104400	108000	111600	115200	122400	126000	129600	133200	136800	140400	
171	39600	43200	46800	50400	54000	97200	104400	108000	111600	115200	118800	122400	126000	129600	133200	136800	140400	
173	39600	43200	46800	50400	54000	97200	104400	108000	111600	115200	118800	122400	126000	129600	133200	136800	140400	
177	39600	43200	46800	50400	54000	64800	68400	72000	75600	97200	100800	104400	108000	111600	115200	118800	122400	126000	129600	133200	136800	140400	144000	147600	151200	154800	158400	162000	169200	172800	230400	234000	237600	241200	244800	248400	255600	259200	316800	320400	324000	327600	331200	334800	342000	345600	403200	406800	410400	414000	417600	421200	428400	432000	489600	493200	496800	500400	504000	507600	514800	518400	576000	579600	583200	586800	590400	594000	601200	
179	39600	43200	46800	50400	54000	64800	68400	72000	75600	79200	90000	93600	97200	100800	104400	108000	111600	115200	118800	122400	126000	129600	133200	136800	140400	144000	147600	151200	154800	158400	162000	169200	172800	230400	234000	237600	241200	244800	248400	255600	259200	316800	320400	324000	327600	331200	334800	342000	345600	403200	406800	410400	414000	417600	421200	428400	432000	489600	493200	496800	500400	504000	507600	514800	518400	576000	579600	583200	586800	590400	594000	601200	
181	39600	43200	46800	50400	54000	57600	64800	68400	72000	75600	97200	104400	108000	111600	115200	118800	122400	126000	129600	133200	136800	140400	144000	147600	151200	154800	158400	162000	169200	172800	230400	234000	237600	241200	244800	248400	255600	259200	316800	320400	324000	327600	331200	334800	342000	345600	403200	406800	410400	414000	417600	421200	428400	432000	489600	493200	496800	500400	504000	507600	514800	518400	576000	579600	583200	586800	590400	594000	601200	
183	39600	43200	46800	50400	54000	57600	61200	64800	68400	72000	75600	79200	82800	93600	97200	100800	104400	108000	111600	115200	118800	122400	126000	129600	133200	136800	140400	144000	151200	169200	172800	255600	259200	342000	345600	428400	432000	514800	518400	601200	
184	39600	43200	46800	50400	54000	57600	61200	64800	68400	72000	75600	79200	82800	86400	90000	93600	97200	100800	104400	108000	111600	115200	122400	126000	129600	133200	136800	140400	144000	169200	172800	255600	259200	342000	345600	428400	432000	514800	518400	601200	
185	39600	43200	46800	50400	54000	57600	61200	64800	68400	72000	75600	79200	82800	86400	90000	93600	97200	100800	104400	108000	111600	115200	122400	126000	129600	133200	136800	140400	144000	169200	172800	255600	259200	342000	345600	428400	432000	514800	518400	601200	
187	39600	43200	46800	57600	61200	64800	68400	72000	75600	79200	82800	86400	90000	93600	97200	100800	104400	108000	111600	115200	122400	126000	129600	147600	
189	39600	43200	46800	50400	54000	57600	61200	64800	68400	72000	75600	79200	82800	93600	100800	104400	108000	111600	115200	118800	122400	126000	129600	133200	136800	140400	144000	
191	36000	39600	43200	46800	54000	57600	61200	64800	68400	72000	75600	79200	82800	93600	97200	100800	104400	108000	111600	118800	122400	126000	129600	144000	
193	36000	39600	43200	46800	50400	54000	57600	61200	64800	68400	72000	75600	79200	82800	90000	93600	100800	104400	108000	111600	118800	122400	126000	129600	133200	136800	
195	39600	43200	46800	50400	54000	104400	108000	111600	115200	118800	122400	126000	129600	133200	136800	140400	
197	36000	39600	43200	46800	54000	57600	61200	64800	68400	72000	75600	79200	82800	86400	90000	93600	100800	104400	108000	111600	118800	122400	126000	129600	
199	43200	46800	50400	54000	108000	111600	115200	118800	126000	129600	133200	136800	140400	
201	43200	46800	50400	54000	57600	61200	68400	75600	79200	82800	108000	111600	115200	118800	126000	129600	133200	136800	140400	147600	151200	
203	43200	46800	50400	54000	57600	61200	68400	75600	79200	82800	86400	104400	108000	111600	115200	118800	126000	129600	133200	136800	140400	147600	151200	
204	39600	43200	46800	57600	61200	64800	68400	72000	75600	79200	82800	86400	90000	93600	97200	100800	104400	108000	111600	115200	122400	126000	129600	147600	
205	43200	46800	50400	54000	57600	61200	64800	68400	72000	75600	79200	82800	86400	90000	93600	97200	100800	104400	108000	111600	115200	118800	126000	129600	133200	136800	140400	144000	147600	172800	176400	259200	262800	345600	349200	432000	435600	518400	522000	
206	43200	46800	50400	54000	57600	61200	64800	68400	72000	75600	79200	82800	86400	90000	93600	97200	100800	104400	108000	111600	115200	118800	122400	126000	129600	133200	136800	140400	144000	147600	151200	154800	172800	176400	259200	262800	345600	349200	432000	435600	518400	522000	
207	43200	46800	50400	54000	57600	61200	64800	68400	72000	75600	79200	82800	86400	90000	93600	97200	100800	104400	108000	111600	115200	118800	122400	126000	129600	133200	136800	140400	144000	147600	172800	176400	259200	262800	345600	349200	432000	435600	518400	522000	
208	43200	46800	50400	54000	57600	61200	64800	68400	72000	75600	79200	82800	86400	90000	93600	97200	100800	104400	108000	111600	115200	118800	122400	126000	129600	133200	136800	140400	144000	147600	151200	154800	172800	176400	259200	262800	349200	435600	522000	
209	43200	46800	50400	54000	57600	61200	64800	68400	72000	75600	79200	82800	86400	90000	93600	97200	100800	104400	108000	111600	115200	118800	122400	126000	129600	133200	136800	140400	144000	147600	154800	176400	262800	349200	435600	522000	
211	46800	50400	54000	57600	61200	64800	68400	72000	75600	79200	82800	86400	90000	93600	100800	104400	108000	111600	115200	118800	122400	126000	129600	133200	136800	140400	144000	147600	151200	154800	158400	176400	262800	349200	435600	522000	
213	46800	50400	54000	57600	61200	64800	68400	72000	75600	79200	82800	86400	90000	93600	97200	100800	104400	108000	111600	115200	118800	122400	126000	129600	133200	136800	140400	144000	147600	151200	154800	158400	162000	176400	180000	266400	352800	439200	525600	
215	64800	68400	72000	75600	79200	82800	86400	90000	93600	97200	100800	104400	108000	111600	115200	118800	122400	126000	129600	133200	136800	140400	144000	147600	151200	154800	158400	162000	165600	169200	187200	190800	194400	273600	277200	360000	363600	446400	450000	532800	536400	
217	79200	82800	86400	90000	93600	97200	100800	104400	108000	111600	115200	118800	122400	126000	129600	133200	136800	140400	144000	147600	151200	154800	158400	162000	165600	169200	172800	176400	198000	201600	205200	288000	291600	374400	378000	460800	464400	547200	550800	
219	97200	100800	104400	108000	111600	115200	118800	122400	126000	129600	133200	136800	140400	144000	147600	151200	154800	158400	162000	165600	169200	172800	176400	180000	183600	187200	190800	194400	198000	205200	219600	223200	226800	309600	313200	396000	399600	482400	486000	568800	572400	
225	97200	100800	104400	108000	111600	115200	118800	122400	126000	129600	133200	136800	140400	144000	147600	151200	154800	158400	162000	165600	169200	172800	176400	180000	183600	187200	190800	194400	198000	205200	223200	226800	309600	313200	396000	399600	482400	486000	568800	572400	
229	50400	54000	57600	61200	64800	68400	72000	75600	79200	82800	86400	90000	93600	97200	100800	104400	108000	111600	115200	118800	122400	126000	129600	133200	136800	140400	144000	147600	151200	154800	158400	162000	165600	169200	172800	176400	180000	266400	352800	439200	525600	
231	93600	97200	100800	104400	108000	111600	115200	118800	122400	126000	129600	133200	136800	140400	144000	147600	151200	154800	158400	162000	165600	169200	172800	176400	180000	183600	187200	190800	194400	198000	205200	208800	212400	219600	306000	392400	478800	565200	
237	46800	50400	54000	57600	61200	64800	68400	72000	75600	79200	82800	86400	90000	93600	97200	100800	104400	108000	111600	115200	118800	122400	126000	129600	133200	136800	140400	144000	147600	151200	154800	162000	169200	172800	180000	183600	187200	266400	270000	273600	352800	356400	360000	439200	442800	446400	525600	529200	532800	
239	50400	54000	57600	61200	64800	68400	72000	75600	79200	82800	86400	90000	93600	97200	100800	104400	108000	111600	115200	118800	122400	126000	129600	133200	136800	140400	144000	147600	151200	154800	158400	162000	165600	169200	172800	180000	183600	187200	259200	266400	270000	273600	345600	352800	360000	432000	439200	446400	518400	525600	529200	532800	
241	50400	54000	57600	61200	64800	68400	72000	75600	79200	82800	90000	93600	97200	100800	104400	108000	111600	115200	118800	122400	126000	129600	133200	136800	140400	144000	147600	151200	154800	158400	162000	165600	169200	172800	180000	183600	187200	259200	266400	273600	345600	352800	360000	432000	439200	446400	518400	525600	529200	532800	
243	216000	219600	223200	226800	230400	234000	237600	241200	244800	248400	252000	259200	262800	266400	270000	273600	277200	280800	284400	288000	291600	295200	298800	302400	306000	309600	313200	316800	320400	324000	327600	331200	334800	338400	342000	349200	352800	356400	428400	435600	439200	442800	514800	522000	525600	529200	601200	
247	50400	54000	57600	61200	64800	68400	72000	75600	79200	82800	90000	93600	97200	100800	104400	108000	111600	115200	118800	122400	126000	129600	133200	136800	140400	144000	147600	151200	154800	158400	162000	165600	169200	172800	176400	180000	183600	187200	259200	262800	266400	270000	273600	345600	349200	352800	356400	360000	432000	435600	439200	442800	446400	518400	522000	525600	529200	532800	
249	50400	54000	57600	61200	64800	68400	72000	75600	79200	82800	86400	90000	93600	97200	100800	104400	108000	111600	115200	118800	122400	126000	129600	133200	136800	140400	144000	147600	151200	154800	158400	162000	165600	169200	172800	176400	180000	183600	187200	259200	266400	270000	273600	345600	352800	356400	360000	432000	439200	446400	518400	525600	529200	532800	
251	57600	61200	64800	68400	72000	97200	100800	104400	108000	111600	115200	118800	122400	126000	129600	133200	136800	140400	144000	147600	151200	154800	158400	162000	165600	169200	172800	176400	180000	183600	187200	190800	259200	262800	266400	270000	273600	277200	345600	349200	352800	356400	360000	363600	432000	435600	439200	442800	446400	450000	518400	522000	525600	529200	532800	536400	
253	57600	61200	64800	68400	72000	75600	100800	104400	108000	111600	115200	118800	122400	126000	129600	133200	136800	140400	144000	147600	151200	154800	158400	162000	165600	169200	172800	176400	180000	183600	187200	190800	194400	198000	259200	262800	266400	270000	273600	277200	280800	284400	345600	349200	352800	356400	360000	363600	367200	370800	432000	435600	439200	442800	446400	450000	453600	457200	518400	522000	525600	529200	532800	536400	540000	543600	
255	54000	57600	61200	64800	68400	72000	97200	100800	104400	108000	111600	115200	118800	122400	126000	129600	133200	136800	140400	144000	147600	151200	154800	158400	162000	165600	169200	172800	176400	180000	183600	187200	190800	255600	259200	262800	266400	270000	273600	277200	342000	345600	349200	352800	356400	360000	428400	432000	435600	439200	442800	446400	514800	518400	522000	525600	529200	532800	601200	
257	36000	39600	54000	104400	118800	122400	
259	36000	39600	54000	104400	118800	122400	
261	36000	54000	100800	118800	
263	36000	54000	57600	100800	118800	
265	39600	43200	46800	50400	54000	104400	108000	111600	115200	122400	126000	129600	133200	136800	140400	
267	39600	43200	46800	50400	54000	57600	61200	64800	68400	72000	75600	79200	86400	93600	104400	108000	111600	115200	118800	122400	126000	129600	133200	136800	147600	
269	43200	46800	50400	54000	97200	104400	108000	111600	115200	118800	126000	129600	133200	136800	140400	
271	43200	46800	50400	54000	97200	104400	108000	111600	115200	118800	122400	126000	129600	133200	136800	140400	
273	43200	46800	50400	54000	57600	61200	64800	68400	72000	75600	79200	82800	108000	111600	115200	118800	122400	126000	129600	133200	136800	140400	144000	147600	151200	
275	43200	46800	50400	54000	57600	61200	64800	68400	72000	75600	79200	82800	104400	108000	111600	115200	118800	122400	126000	129600	133200	136800	140400	144000	147600	151200	154800	
1	97200	100800	104400	108000	111600	115200	118800	122400	126000	129600	133200	136800	140400	144000	147600	151200	154800	158400	162000	165600	169200	172800	176400	180000	183600	187200	190800	194400	198000	201600	205200	208800	212400	216000	219600	223200	226800	230400	234000	237600	241200	244800	248400	252000	255600	259200	262800	266400	270000	273600	277200	280800	284400	288000	291600	295200	298800	302400	306000	309600	313200	316800	320400	324000	327600	331200	334800	338400	342000	345600	349200	352800	356400	360000	363600	367200	370800	374400	378000	381600	385200	388800	392400	396000	399600	403200	406800	410400	414000	417600	421200	424800	428400	432000	435600	439200	442800	446400	450000	453600	457200	460800	464400	468000	471600	475200	478800	482400	486000	489600	493200	496800	500400	504000	507600	511200	514800	518400	522000	525600	529200	532800	536400	540000	543600	547200	550800	554400	558000	561600	565200	568800	572400	576000	579600	583200	586800	590400	594000	597600	601200	
2	108000	111600	115200	118800	122400	126000	129600	133200	136800	140400	144000	147600	151200	154800	158400	162000	165600	169200	172800	176400	180000	183600	187200	190800	194400	198000	201600	205200	208800	212400	216000	219600	223200	226800	230400	234000	237600	241200	244800	248400	252000	255600	259200	262800	266400	270000	273600	277200	280800	284400	288000	291600	295200	298800	302400	306000	309600	313200	316800	320400	324000	327600	331200	334800	338400	342000	345600	349200	352800	356400	360000	363600	367200	370800	374400	378000	381600	385200	388800	392400	396000	399600	403200	406800	410400	414000	417600	421200	424800	428400	432000	435600	439200	442800	446400	450000	453600	457200	460800	464400	468000	471600	475200	478800	482400	486000	489600	493200	496800	500400	504000	507600	511200	514800	518400	522000	525600	529200	532800	536400	540000	543600	547200	550800	554400	558000	561600	565200	568800	572400	576000	579600	583200	586800	590400	594000	597600	601200	
