15	90000	93600	97200	100800	104400	108000	111600	115200	118800	122400	126000	129600	133200	136800	140400	144000	147600	151200	154800	158400	162000	165600	169200	172800	176400	180000	223200	226800	230400	234000	237600	241200	244800	248400	252000	255600	259200	262800	266400	309600	313200	316800	320400	324000	327600	331200	334800	338400	342000	345600	349200	352800	396000	399600	403200	406800	410400	414000	417600	421200	424800	428400	432000	435600	439200	482400	486000	489600	493200	496800	500400	504000	507600	511200	514800	518400	522000	525600	568800	572400	576000	579600	583200	586800	590400	594000	597600	601200	
20	82800	90000	100800	115200	122400	126000	129600	133200	136800	140400	144000	147600	151200	154800	158400	162000	165600	208800	212400	216000	219600	223200	226800	230400	234000	237600	241200	244800	248400	252000	295200	298800	302400	306000	309600	313200	316800	320400	324000	327600	331200	334800	338400	381600	385200	388800	392400	396000	399600	403200	406800	410400	414000	417600	421200	424800	468000	471600	475200	478800	482400	486000	489600	493200	496800	500400	504000	507600	511200	554400	558000	561600	565200	568800	572400	576000	579600	583200	586800	590400	594000	597600	
35	50400	54000	68400	72000	75600	82800	86400	93600	97200	100800	104400	108000	111600	115200	118800	133200	136800	140400	144000	147600	151200	154800	158400	162000	165600	169200	172800	230400	234000	237600	241200	244800	248400	252000	255600	259200	316800	320400	324000	327600	331200	334800	338400	342000	345600	403200	406800	410400	414000	417600	421200	424800	428400	432000	489600	493200	496800	500400	504000	507600	511200	514800	518400	576000	579600	583200	586800	590400	594000	597600	601200	
40	79200	93600	97200	100800	104400	108000	111600	144000	147600	151200	154800	158400	162000	165600	169200	172800	176400	180000	183600	230400	234000	237600	241200	244800	248400	252000	255600	259200	262800	266400	270000	316800	320400	324000	327600	331200	334800	338400	342000	345600	349200	352800	356400	403200	406800	410400	414000	417600	421200	424800	428400	432000	435600	439200	489600	493200	496800	500400	504000	507600	511200	514800	518400	522000	525600	576000	579600	583200	586800	590400	594000	597600	601200	
50	97200	100800	104400	108000	111600	115200	118800	122400	126000	129600	133200	136800	140400	144000	147600	151200	154800	158400	162000	165600	169200	172800	176400	180000	183600	187200	190800	194400	198000	201600	205200	208800	248400	252000	255600	259200	262800	266400	270000	273600	277200	280800	284400	288000	338400	342000	345600	349200	352800	356400	360000	363600	367200	370800	374400	421200	424800	428400	432000	435600	439200	442800	446400	450000	453600	457200	460800	507600	511200	514800	518400	522000	525600	529200	532800	536400	540000	543600	547200	597600	601200	
61	32400	50400	68400	82800	97200	115200	
101	68400	72000	86400	147600	151200	154800	158400	162000	165600	169200	237600	241200	244800	248400	252000	255600	324000	327600	331200	334800	338400	342000	410400	414000	417600	421200	424800	428400	496800	500400	504000	507600	511200	514800	583200	586800	590400	594000	597600	601200	
103	75600	79200	82800	90000	154800	158400	162000	165600	169200	172800	176400	241200	244800	248400	252000	255600	259200	262800	327600	331200	334800	338400	342000	345600	349200	414000	417600	421200	424800	428400	432000	435600	500400	504000	507600	511200	514800	518400	522000	586800	590400	594000	597600	601200	
105	64800	68400	82800	86400	147600	151200	154800	158400	162000	165600	169200	172800	234000	237600	241200	244800	248400	252000	255600	259200	320400	324000	327600	331200	334800	338400	342000	406800	410400	414000	417600	421200	424800	428400	493200	496800	500400	504000	507600	511200	514800	579600	583200	586800	590400	594000	597600	601200	
107	72000	75600	79200	154800	158400	162000	165600	169200	176400	241200	244800	248400	252000	255600	262800	327600	331200	334800	338400	342000	349200	414000	417600	421200	424800	428400	435600	500400	504000	507600	511200	514800	522000	586800	590400	594000	597600	601200	
109	82800	86400	90000	151200	154800	158400	162000	165600	169200	172800	176400	237600	241200	244800	248400	252000	255600	259200	262800	324000	327600	331200	334800	338400	342000	345600	349200	410400	414000	417600	421200	424800	428400	432000	435600	496800	500400	504000	507600	511200	514800	518400	522000	583200	586800	590400	594000	597600	601200	
111	64800	68400	82800	86400	90000	93600	97200	100800	144000	147600	151200	154800	158400	162000	165600	169200	172800	176400	230400	234000	237600	241200	244800	248400	252000	255600	259200	262800	316800	320400	324000	327600	331200	334800	338400	342000	345600	349200	406800	410400	414000	417600	421200	424800	428400	432000	435600	493200	496800	500400	504000	507600	511200	514800	518400	522000	579600	583200	586800	590400	594000	597600	601200	
113	68400	72000	75600	79200	82800	86400	93600	97200	100800	147600	151200	154800	158400	162000	165600	169200	172800	180000	234000	237600	241200	244800	248400	252000	255600	259200	266400	320400	324000	327600	331200	334800	338400	342000	345600	352800	406800	410400	414000	417600	421200	424800	428400	432000	439200	493200	496800	500400	504000	507600	511200	514800	518400	525600	579600	583200	586800	590400	594000	597600	601200	
115	64800	82800	90000	93600	97200	144000	147600	151200	154800	158400	162000	165600	230400	234000	237600	241200	244800	248400	252000	316800	320400	324000	327600	331200	334800	338400	403200	406800	410400	414000	417600	421200	424800	489600	493200	496800	500400	504000	507600	511200	576000	579600	583200	586800	590400	594000	597600	
117	64800	79200	90000	93600	144000	147600	151200	154800	158400	162000	165600	230400	234000	237600	241200	244800	248400	252000	316800	320400	324000	327600	331200	334800	338400	403200	406800	410400	414000	417600	421200	424800	489600	493200	496800	500400	504000	507600	511200	576000	579600	583200	586800	590400	594000	597600	
119	43200	46800	61200	64800	79200	90000	97200	100800	108000	111600	126000	129600	136800	144000	147600	151200	154800	158400	162000	223200	230400	234000	237600	241200	244800	248400	309600	316800	320400	324000	327600	331200	334800	396000	403200	406800	410400	414000	417600	421200	482400	489600	493200	496800	500400	504000	507600	568800	576000	579600	583200	586800	590400	594000	
120	46800	61200	64800	79200	90000	93600	97200	100800	108000	111600	129600	136800	140400	144000	147600	151200	154800	158400	162000	226800	230400	234000	237600	241200	244800	248400	316800	320400	324000	327600	331200	334800	403200	406800	410400	414000	417600	421200	489600	493200	496800	500400	504000	507600	576000	579600	583200	586800	590400	594000	
121	43200	61200	79200	90000	108000	126000	133200	136800	144000	147600	151200	154800	158400	162000	223200	230400	234000	237600	241200	244800	248400	309600	316800	320400	324000	327600	331200	334800	396000	403200	406800	410400	414000	417600	421200	482400	489600	493200	496800	500400	504000	507600	568800	576000	579600	583200	586800	590400	594000	
123	43200	61200	79200	90000	104400	108000	126000	
125	79200	90000	111600	129600	133200	136800	140400	144000	147600	151200	154800	158400	162000	219600	223200	226800	230400	234000	237600	241200	244800	248400	306000	309600	313200	316800	320400	324000	327600	331200	334800	392400	396000	399600	403200	406800	410400	414000	417600	421200	478800	482400	486000	489600	493200	496800	500400	504000	507600	565200	568800	572400	576000	579600	583200	586800	590400	594000	
127	90000	115200	122400	126000	129600	133200	136800	140400	144000	147600	151200	154800	158400	162000	165600	212400	216000	219600	223200	226800	230400	234000	237600	241200	244800	248400	252000	298800	302400	306000	309600	313200	316800	320400	324000	327600	331200	334800	338400	385200	388800	392400	396000	399600	403200	406800	410400	414000	417600	421200	424800	471600	475200	478800	482400	486000	489600	493200	496800	500400	504000	507600	511200	558000	561600	565200	568800	572400	576000	579600	583200	586800	590400	594000	597600	
129	86400	93600	122400	129600	133200	136800	140400	144000	147600	151200	154800	158400	162000	165600	169200	216000	219600	223200	226800	230400	234000	237600	241200	244800	248400	252000	255600	302400	306000	309600	313200	316800	320400	324000	327600	331200	334800	338400	342000	388800	392400	396000	399600	403200	406800	410400	414000	417600	421200	424800	428400	475200	478800	482400	486000	489600	493200	496800	500400	504000	507600	511200	514800	561600	565200	568800	572400	576000	579600	583200	586800	590400	594000	597600	601200	
131	172800	180000	183600	212400	219600	223200	226800	230400	234000	237600	241200	244800	248400	252000	255600	259200	306000	309600	313200	316800	320400	324000	327600	331200	334800	338400	342000	345600	392400	396000	399600	403200	406800	410400	414000	417600	421200	424800	428400	432000	478800	482400	486000	489600	493200	496800	500400	504000	507600	511200	514800	518400	565200	568800	572400	576000	579600	583200	586800	590400	594000	597600	601200	
139	86400	93600	97200	126000	133200	136800	140400	144000	147600	151200	154800	158400	162000	165600	169200	172800	219600	223200	226800	230400	234000	237600	241200	244800	248400	252000	255600	259200	306000	309600	313200	316800	320400	324000	327600	331200	334800	338400	342000	345600	392400	396000	399600	403200	406800	410400	414000	417600	421200	424800	428400	432000	478800	482400	486000	489600	493200	496800	500400	504000	507600	511200	514800	518400	565200	568800	572400	576000	579600	583200	586800	590400	594000	597600	601200	
141	90000	93600	97200	100800	104400	108000	111600	129600	133200	136800	140400	144000	147600	151200	154800	158400	162000	165600	169200	172800	176400	219600	223200	226800	230400	234000	237600	241200	244800	248400	252000	255600	259200	262800	306000	309600	313200	316800	320400	324000	327600	331200	334800	338400	342000	345600	349200	392400	396000	399600	403200	406800	410400	414000	417600	421200	424800	428400	432000	435600	478800	482400	486000	489600	493200	496800	500400	504000	507600	511200	514800	518400	522000	565200	568800	572400	576000	579600	583200	586800	590400	594000	597600	601200	
143	90000	93600	97200	100800	104400	108000	111600	115200	118800	122400	126000	129600	133200	136800	140400	144000	147600	151200	154800	158400	162000	165600	169200	172800	176400	180000	219600	223200	226800	230400	234000	237600	241200	244800	248400	252000	255600	259200	262800	266400	306000	309600	313200	316800	320400	324000	327600	331200	334800	338400	342000	345600	349200	352800	392400	396000	399600	403200	406800	410400	414000	417600	421200	424800	428400	432000	435600	439200	478800	482400	486000	489600	493200	496800	500400	504000	507600	511200	514800	518400	522000	525600	565200	568800	572400	576000	579600	583200	586800	590400	594000	597600	601200	
145	54000	57600	61200	64800	86400	90000	93600	97200	100800	104400	108000	111600	115200	118800	122400	126000	129600	133200	136800	140400	144000	147600	151200	154800	158400	162000	165600	169200	172800	241200	244800	248400	252000	255600	259200	327600	331200	334800	338400	342000	345600	414000	417600	421200	424800	428400	432000	500400	504000	507600	511200	514800	518400	586800	590400	594000	597600	601200	
147	50400	54000	61200	64800	68400	72000	82800	86400	93600	97200	100800	104400	108000	111600	126000	129600	133200	136800	140400	144000	147600	151200	154800	158400	162000	165600	169200	172800	230400	234000	252000	255600	259200	316800	320400	338400	342000	345600	403200	406800	424800	428400	432000	489600	493200	511200	514800	518400	576000	579600	597600	601200	
149	50400	54000	64800	68400	72000	75600	79200	86400	93600	97200	100800	104400	111600	115200	118800	133200	136800	140400	144000	147600	151200	154800	158400	162000	165600	169200	172800	230400	234000	237600	255600	259200	316800	320400	324000	342000	345600	403200	406800	410400	428400	432000	489600	493200	496800	514800	518400	576000	579600	583200	601200	
151	46800	50400	54000	68400	72000	75600	79200	82800	86400	90000	93600	97200	100800	104400	111600	115200	118800	122400	126000	133200	140400	144000	147600	151200	154800	158400	162000	165600	169200	226800	230400	234000	237600	241200	244800	248400	252000	255600	313200	316800	320400	324000	327600	331200	334800	338400	342000	399600	403200	406800	410400	414000	417600	421200	424800	428400	486000	489600	493200	496800	500400	504000	507600	511200	514800	572400	576000	579600	583200	586800	590400	594000	597600	601200	
153	82800	93600	115200	118800	136800	140400	144000	147600	151200	154800	158400	162000	165600	169200	223200	226800	230400	234000	237600	241200	244800	248400	252000	255600	309600	313200	316800	320400	324000	327600	331200	334800	338400	342000	396000	399600	403200	406800	410400	414000	417600	421200	424800	428400	482400	486000	489600	493200	496800	500400	504000	507600	511200	514800	568800	572400	576000	579600	583200	586800	590400	594000	597600	601200	
157	46800	50400	61200	64800	79200	90000	97200	100800	108000	111600	115200	129600	133200	136800	140400	144000	147600	151200	154800	158400	162000	165600	230400	234000	237600	241200	244800	248400	252000	316800	320400	324000	327600	331200	334800	338400	403200	406800	410400	414000	417600	421200	424800	489600	493200	496800	500400	504000	507600	511200	576000	579600	583200	586800	590400	594000	597600	
159	46800	50400	64800	79200	90000	97200	100800	104400	108000	111600	115200	129600	133200	136800	140400	144000	147600	151200	154800	158400	162000	165600	230400	234000	237600	241200	244800	248400	252000	316800	320400	324000	327600	331200	334800	338400	403200	406800	410400	414000	417600	421200	424800	489600	493200	496800	500400	504000	507600	511200	576000	579600	583200	586800	590400	594000	597600	
161	46800	50400	64800	82800	90000	93600	97200	100800	104400	108000	111600	115200	129600	133200	136800	140400	144000	147600	151200	154800	158400	162000	165600	226800	230400	234000	237600	241200	244800	248400	252000	313200	316800	320400	324000	327600	331200	334800	338400	399600	403200	406800	410400	414000	417600	421200	424800	486000	489600	493200	496800	500400	504000	507600	511200	572400	576000	579600	583200	586800	590400	594000	597600	
163	46800	50400	64800	82800	90000	93600	97200	100800	104400	108000	111600	115200	129600	133200	136800	140400	144000	147600	151200	154800	158400	162000	165600	226800	230400	234000	237600	241200	244800	248400	252000	313200	316800	320400	324000	327600	331200	334800	338400	399600	403200	406800	410400	414000	417600	421200	424800	486000	489600	493200	496800	500400	504000	507600	511200	572400	576000	579600	583200	586800	590400	594000	597600	
164	79200	82800	90000	100800	111600	115200	118800	122400	126000	129600	136800	140400	162000	165600	169200	176400	180000	183600	262800	266400	270000	349200	352800	356400	435600	439200	442800	522000	525600	529200	
166	165600	169200	176400	183600	198000	201600	205200	208800	212400	216000	219600	223200	226800	244800	248400	252000	255600	259200	262800	266400	270000	345600	349200	352800	356400	432000	435600	439200	442800	518400	522000	525600	529200	
167	46800	50400	54000	64800	68400	82800	90000	93600	97200	100800	104400	108000	111600	115200	118800	129600	133200	136800	140400	144000	147600	151200	154800	158400	162000	165600	226800	234000	237600	241200	244800	248400	252000	313200	320400	324000	327600	331200	334800	338400	399600	406800	410400	414000	417600	421200	424800	486000	493200	496800	500400	504000	507600	511200	579600	583200	586800	590400	594000	597600	
169	46800	50400	64800	68400	82800	90000	93600	97200	100800	104400	108000	111600	115200	129600	133200	140400	147600	151200	154800	158400	162000	165600	226800	234000	237600	241200	244800	248400	252000	313200	320400	324000	327600	331200	334800	338400	399600	406800	410400	414000	417600	421200	424800	486000	493200	496800	500400	504000	507600	511200	572400	579600	583200	586800	590400	594000	597600	
171	46800	50400	54000	64800	68400	82800	90000	93600	97200	100800	104400	108000	111600	115200	118800	129600	133200	136800	140400	144000	147600	151200	154800	158400	162000	165600	226800	234000	237600	241200	244800	248400	252000	313200	320400	324000	327600	331200	334800	338400	399600	406800	410400	414000	417600	421200	424800	486000	493200	496800	500400	504000	507600	511200	572400	579600	583200	586800	590400	594000	597600	
173	46800	50400	54000	64800	68400	82800	93600	97200	100800	104400	108000	111600	115200	118800	129600	133200	136800	140400	144000	147600	151200	154800	158400	162000	165600	169200	226800	234000	237600	241200	244800	248400	252000	313200	320400	324000	327600	331200	334800	338400	406800	410400	414000	417600	421200	424800	493200	496800	500400	504000	507600	511200	579600	583200	586800	590400	594000	597600	
177	68400	72000	75600	93600	97200	100800	104400	108000	111600	144000	147600	151200	154800	158400	162000	165600	169200	172800	230400	234000	237600	241200	244800	248400	252000	255600	259200	316800	320400	324000	327600	331200	334800	338400	342000	345600	403200	406800	410400	414000	417600	421200	424800	428400	432000	489600	493200	496800	500400	504000	507600	511200	514800	518400	576000	579600	583200	586800	590400	594000	597600	601200	
179	68400	72000	75600	79200	90000	93600	97200	100800	104400	108000	111600	144000	147600	151200	154800	158400	162000	165600	169200	172800	176400	180000	230400	234000	237600	241200	244800	248400	252000	255600	259200	262800	266400	316800	320400	324000	327600	331200	334800	338400	342000	345600	349200	352800	403200	406800	410400	414000	417600	421200	424800	428400	432000	435600	439200	489600	493200	496800	500400	504000	507600	511200	514800	518400	522000	525600	576000	579600	583200	586800	590400	594000	597600	601200	
181	50400	54000	68400	72000	75600	82800	86400	93600	97200	100800	104400	108000	111600	115200	118800	133200	136800	140400	144000	147600	151200	154800	158400	162000	165600	169200	172800	230400	234000	237600	241200	244800	248400	252000	255600	259200	316800	320400	324000	327600	331200	334800	338400	342000	345600	403200	406800	410400	414000	417600	421200	424800	428400	432000	489600	493200	496800	500400	504000	507600	511200	514800	518400	576000	579600	583200	586800	590400	594000	597600	601200	
183	57600	68400	72000	75600	79200	82800	90000	93600	97200	100800	104400	108000	144000	147600	151200	154800	158400	162000	165600	169200	172800	180000	183600	230400	234000	237600	241200	244800	248400	252000	255600	259200	266400	270000	316800	320400	324000	327600	331200	334800	338400	342000	345600	352800	403200	406800	410400	414000	417600	421200	424800	428400	432000	439200	489600	493200	496800	500400	504000	507600	511200	514800	518400	525600	576000	579600	583200	586800	590400	594000	597600	601200	
184	57600	68400	72000	75600	79200	82800	86400	90000	93600	97200	100800	104400	108000	144000	147600	151200	154800	158400	162000	165600	169200	172800	176400	180000	183600	237600	241200	244800	248400	252000	255600	259200	262800	266400	270000	324000	327600	331200	334800	338400	342000	345600	349200	352800	356400	410400	414000	417600	421200	424800	428400	432000	435600	439200	442800	496800	500400	504000	507600	511200	514800	518400	522000	525600	529200	583200	586800	590400	594000	597600	601200	
185	57600	68400	72000	75600	79200	82800	86400	90000	93600	97200	100800	104400	108000	144000	147600	151200	154800	158400	162000	165600	169200	172800	176400	180000	183600	237600	241200	244800	248400	252000	255600	259200	262800	266400	270000	324000	327600	331200	334800	338400	342000	345600	349200	352800	356400	410400	414000	417600	421200	424800	428400	432000	435600	439200	442800	496800	500400	504000	507600	511200	514800	518400	522000	525600	529200	583200	586800	590400	594000	597600	601200	
187	68400	72000	75600	79200	82800	86400	90000	93600	97200	100800	147600	151200	154800	158400	162000	165600	169200	172800	176400	180000	234000	237600	241200	244800	248400	252000	255600	259200	262800	266400	320400	324000	327600	331200	334800	338400	342000	345600	349200	352800	406800	410400	414000	417600	421200	424800	428400	432000	435600	439200	493200	496800	500400	504000	507600	511200	514800	518400	522000	525600	579600	583200	586800	590400	594000	597600	601200	
189	68400	72000	75600	79200	82800	86400	93600	97200	100800	104400	147600	151200	154800	158400	162000	165600	169200	176400	180000	234000	237600	241200	244800	248400	252000	255600	262800	266400	320400	324000	327600	331200	334800	338400	342000	349200	352800	406800	410400	414000	417600	421200	424800	428400	439200	493200	496800	500400	504000	507600	511200	514800	525600	579600	583200	586800	590400	594000	597600	601200	
191	68400	72000	75600	79200	82800	86400	90000	93600	97200	100800	147600	151200	154800	158400	162000	165600	169200	172800	176400	180000	234000	237600	241200	244800	248400	252000	255600	259200	262800	266400	320400	324000	327600	331200	334800	338400	342000	345600	349200	352800	406800	410400	414000	417600	421200	424800	428400	432000	435600	439200	493200	496800	500400	504000	507600	511200	514800	518400	522000	525600	579600	583200	586800	590400	594000	597600	601200	
193	68400	72000	75600	79200	82800	86400	90000	93600	97200	100800	104400	147600	151200	154800	158400	162000	165600	169200	172800	176400	180000	234000	237600	241200	244800	248400	252000	255600	259200	262800	266400	320400	324000	327600	331200	334800	338400	342000	345600	349200	352800	406800	410400	414000	417600	421200	424800	428400	432000	435600	439200	493200	496800	500400	504000	507600	511200	514800	518400	522000	525600	579600	583200	586800	590400	594000	597600	601200	
195	64800	68400	82800	90000	93600	97200	100800	104400	144000	147600	151200	154800	158400	162000	165600	234000	237600	241200	244800	248400	252000	320400	324000	327600	331200	334800	338400	406800	410400	414000	417600	421200	424800	493200	496800	500400	504000	507600	511200	579600	583200	586800	590400	594000	597600	
197	72000	75600	86400	93600	97200	100800	154800	158400	162000	165600	169200	172800	176400	180000	241200	244800	248400	252000	255600	259200	262800	266400	327600	331200	334800	338400	342000	345600	349200	352800	414000	417600	421200	424800	428400	432000	435600	439200	500400	504000	507600	511200	514800	518400	522000	525600	586800	590400	594000	597600	601200	
199	50400	54000	68400	82800	93600	97200	100800	104400	108000	111600	115200	118800	133200	136800	140400	144000	147600	151200	154800	158400	162000	165600	169200	234000	237600	241200	244800	248400	252000	255600	320400	324000	327600	331200	334800	338400	342000	406800	410400	414000	417600	421200	424800	428400	493200	496800	500400	504000	507600	511200	514800	579600	583200	586800	590400	594000	597600	601200	
201	50400	54000	57600	61200	64800	68400	75600	79200	82800	86400	93600	97200	100800	104400	108000	111600	115200	118800	133200	136800	140400	144000	147600	151200	154800	158400	162000	165600	169200	230400	234000	237600	241200	244800	248400	252000	255600	316800	320400	324000	327600	331200	334800	338400	342000	403200	406800	410400	414000	417600	421200	424800	428400	489600	493200	496800	500400	504000	507600	511200	514800	576000	579600	583200	586800	590400	594000	597600	601200	
203	50400	54000	57600	61200	64800	68400	75600	79200	82800	86400	93600	97200	100800	104400	108000	111600	115200	118800	133200	136800	140400	144000	147600	151200	154800	158400	162000	165600	169200	230400	234000	237600	241200	244800	248400	252000	255600	316800	320400	324000	327600	331200	334800	338400	342000	403200	406800	410400	414000	417600	421200	424800	428400	489600	493200	496800	500400	504000	507600	511200	514800	576000	579600	583200	586800	590400	594000	597600	601200	
204	68400	72000	75600	79200	82800	86400	90000	93600	97200	100800	104400	147600	151200	154800	158400	162000	165600	169200	172800	176400	180000	234000	237600	241200	244800	248400	252000	255600	259200	262800	266400	320400	324000	327600	331200	334800	338400	342000	345600	349200	352800	406800	410400	414000	417600	421200	424800	428400	432000	435600	439200	493200	496800	500400	504000	507600	511200	514800	518400	522000	525600	579600	583200	586800	590400	594000	597600	601200	
205	61200	72000	75600	79200	82800	86400	90000	93600	97200	100800	104400	108000	111600	147600	151200	154800	158400	162000	165600	169200	172800	176400	180000	183600	234000	237600	241200	244800	248400	252000	255600	259200	262800	266400	270000	320400	324000	327600	331200	334800	338400	342000	345600	349200	352800	356400	406800	410400	414000	417600	421200	424800	428400	432000	435600	439200	442800	493200	496800	500400	504000	507600	511200	514800	518400	522000	525600	529200	579600	583200	586800	590400	594000	597600	601200	
206	54000	57600	72000	75600	79200	82800	86400	90000	93600	97200	100800	104400	108000	111600	115200	118800	122400	126000	129600	133200	136800	140400	144000	151200	154800	158400	162000	165600	169200	172800	176400	180000	183600	187200	241200	244800	248400	252000	255600	259200	262800	266400	270000	273600	327600	331200	334800	338400	342000	345600	349200	352800	356400	360000	414000	417600	421200	424800	428400	432000	435600	439200	442800	446400	500400	504000	507600	511200	514800	518400	522000	525600	529200	532800	586800	590400	594000	597600	601200	
207	54000	57600	61200	72000	75600	79200	82800	86400	90000	93600	97200	100800	104400	108000	111600	115200	118800	122400	126000	129600	133200	136800	140400	144000	147600	151200	154800	158400	162000	165600	169200	172800	176400	180000	183600	187200	241200	244800	248400	252000	255600	259200	262800	266400	270000	273600	327600	331200	334800	338400	342000	345600	349200	352800	356400	360000	414000	417600	421200	424800	428400	432000	435600	439200	442800	446400	500400	504000	507600	511200	514800	518400	522000	525600	529200	532800	586800	590400	594000	597600	601200	
208	54000	57600	72000	75600	79200	82800	86400	90000	93600	97200	100800	104400	108000	111600	115200	118800	122400	126000	129600	133200	136800	140400	144000	154800	158400	162000	165600	169200	172800	176400	180000	183600	187200	241200	244800	248400	252000	255600	259200	262800	266400	270000	273600	327600	331200	334800	338400	342000	345600	349200	352800	356400	360000	414000	417600	421200	424800	428400	432000	435600	439200	442800	446400	500400	504000	507600	511200	514800	518400	522000	525600	529200	532800	586800	590400	594000	597600	601200	
209	57600	75600	79200	82800	86400	90000	93600	97200	100800	104400	108000	111600	115200	118800	122400	126000	129600	133200	136800	140400	144000	151200	154800	158400	162000	165600	169200	172800	176400	180000	183600	187200	237600	241200	244800	248400	252000	255600	259200	262800	266400	270000	273600	324000	327600	331200	334800	338400	342000	345600	349200	352800	356400	360000	410400	414000	417600	421200	424800	428400	432000	435600	439200	442800	446400	496800	500400	504000	507600	511200	514800	518400	522000	525600	529200	532800	583200	586800	590400	594000	597600	601200	
211	57600	61200	79200	82800	86400	90000	93600	97200	100800	104400	108000	111600	115200	118800	122400	126000	129600	133200	136800	140400	144000	147600	158400	162000	165600	169200	172800	176400	180000	183600	187200	244800	248400	252000	255600	259200	262800	266400	270000	273600	331200	334800	338400	342000	345600	349200	352800	356400	360000	417600	421200	424800	428400	432000	435600	439200	442800	446400	504000	507600	511200	514800	518400	522000	525600	529200	532800	590400	594000	597600	601200	
213	61200	64800	79200	82800	86400	90000	93600	97200	100800	104400	108000	111600	115200	118800	122400	126000	129600	133200	136800	140400	144000	147600	151200	162000	165600	169200	172800	176400	180000	183600	187200	190800	248400	252000	255600	259200	262800	266400	270000	273600	277200	334800	338400	342000	345600	349200	352800	356400	360000	363600	421200	424800	428400	432000	435600	439200	442800	446400	450000	507600	511200	514800	518400	522000	525600	529200	532800	536400	594000	597600	601200	
215	79200	90000	93600	97200	100800	104400	108000	111600	115200	118800	122400	126000	129600	133200	136800	140400	144000	147600	151200	154800	158400	162000	165600	172800	176400	180000	183600	187200	190800	194400	198000	201600	205200	259200	262800	266400	270000	273600	277200	280800	284400	288000	291600	345600	349200	352800	356400	360000	363600	367200	370800	374400	378000	432000	435600	439200	442800	446400	450000	453600	457200	460800	464400	518400	522000	525600	529200	532800	536400	540000	543600	547200	550800	
217	90000	97200	100800	104400	108000	111600	115200	118800	122400	126000	129600	133200	136800	140400	144000	147600	151200	154800	158400	162000	165600	169200	172800	176400	180000	183600	187200	190800	194400	198000	201600	205200	208800	212400	216000	266400	270000	273600	277200	280800	284400	288000	291600	295200	298800	302400	352800	356400	360000	363600	367200	370800	374400	378000	381600	385200	388800	439200	442800	446400	450000	453600	457200	460800	464400	468000	471600	475200	525600	529200	532800	536400	540000	543600	547200	550800	554400	558000	561600	
219	104400	108000	111600	122400	126000	129600	133200	136800	140400	144000	147600	151200	154800	158400	162000	165600	169200	172800	176400	180000	183600	187200	190800	194400	198000	201600	205200	208800	212400	216000	219600	223200	226800	230400	234000	237600	241200	244800	288000	291600	295200	298800	302400	306000	309600	313200	316800	320400	324000	327600	331200	374400	378000	381600	385200	388800	392400	396000	399600	403200	406800	410400	414000	417600	460800	464400	468000	471600	475200	478800	482400	486000	489600	493200	496800	500400	504000	547200	550800	554400	558000	561600	565200	568800	572400	576000	579600	583200	586800	590400	
225	104400	108000	111600	122400	126000	129600	133200	136800	140400	144000	147600	151200	154800	158400	162000	165600	169200	172800	176400	180000	183600	187200	190800	194400	198000	201600	205200	208800	212400	216000	219600	223200	226800	230400	234000	237600	241200	244800	288000	291600	295200	298800	302400	306000	309600	313200	316800	320400	324000	327600	331200	374400	378000	381600	385200	388800	392400	396000	399600	403200	406800	410400	414000	417600	460800	464400	468000	471600	475200	478800	482400	486000	489600	493200	496800	500400	504000	547200	550800	554400	558000	561600	565200	568800	572400	576000	579600	583200	586800	590400	
229	68400	72000	79200	86400	90000	93600	97200	100800	104400	108000	111600	115200	118800	122400	126000	129600	133200	136800	140400	144000	147600	151200	154800	158400	162000	165600	169200	172800	176400	180000	183600	187200	190800	248400	252000	255600	259200	262800	266400	270000	273600	277200	334800	342000	345600	349200	352800	356400	360000	363600	421200	428400	432000	435600	439200	442800	446400	450000	507600	514800	518400	522000	525600	529200	532800	536400	540000	601200	
231	100800	104400	111600	118800	122400	126000	129600	133200	136800	140400	144000	147600	151200	154800	158400	162000	165600	169200	172800	176400	180000	183600	187200	190800	194400	198000	201600	205200	208800	212400	216000	219600	223200	226800	230400	234000	280800	288000	291600	295200	298800	302400	306000	309600	313200	316800	320400	367200	374400	378000	381600	385200	388800	392400	396000	399600	403200	406800	453600	460800	464400	468000	471600	475200	478800	482400	486000	489600	493200	547200	550800	554400	558000	561600	565200	568800	572400	576000	579600	
237	61200	64800	72000	82800	86400	90000	93600	97200	100800	104400	108000	111600	115200	118800	122400	126000	129600	133200	136800	140400	144000	147600	151200	158400	162000	165600	169200	172800	176400	180000	183600	187200	190800	244800	252000	255600	259200	262800	266400	270000	273600	277200	331200	338400	342000	345600	349200	352800	356400	360000	363600	417600	424800	428400	432000	435600	439200	442800	446400	450000	504000	511200	514800	518400	522000	525600	529200	532800	536400	590400	597600	601200	
239	64800	72000	82800	90000	93600	97200	100800	104400	108000	111600	115200	118800	122400	126000	129600	133200	136800	140400	144000	147600	151200	158400	165600	169200	172800	176400	180000	183600	187200	190800	194400	259200	262800	266400	270000	273600	277200	345600	349200	352800	356400	360000	363600	367200	432000	435600	439200	442800	446400	450000	518400	522000	525600	529200	532800	536400	
241	64800	68400	72000	79200	90000	93600	97200	100800	104400	108000	111600	115200	118800	122400	126000	129600	133200	136800	140400	144000	147600	151200	154800	158400	165600	169200	172800	176400	180000	183600	187200	190800	194400	259200	262800	266400	270000	273600	277200	280800	345600	349200	352800	356400	360000	363600	367200	432000	435600	439200	442800	446400	450000	518400	522000	525600	529200	532800	536400	540000	
243	226800	230400	244800	248400	252000	259200	262800	266400	270000	273600	277200	280800	284400	288000	291600	295200	298800	302400	306000	309600	313200	316800	327600	331200	334800	338400	342000	345600	349200	352800	356400	360000	363600	428400	432000	435600	439200	442800	446400	514800	518400	522000	525600	529200	532800	601200	
247	64800	68400	72000	79200	90000	93600	97200	100800	104400	108000	111600	115200	118800	122400	126000	129600	133200	136800	140400	144000	147600	151200	154800	158400	162000	165600	169200	172800	176400	180000	183600	187200	190800	194400	198000	255600	259200	262800	266400	270000	273600	277200	280800	342000	345600	349200	352800	356400	360000	363600	367200	428400	432000	435600	439200	442800	446400	450000	514800	518400	522000	525600	529200	532800	536400	540000	601200	
249	64800	68400	75600	79200	90000	93600	97200	100800	104400	108000	111600	115200	118800	122400	126000	129600	133200	136800	140400	144000	147600	151200	154800	162000	165600	169200	172800	176400	180000	183600	187200	190800	194400	198000	259200	262800	266400	270000	273600	277200	280800	345600	349200	352800	356400	360000	363600	367200	432000	435600	439200	442800	446400	450000	518400	522000	525600	529200	532800	536400	540000	
251	97200	100800	104400	108000	111600	115200	118800	122400	126000	129600	133200	136800	140400	144000	147600	151200	154800	158400	162000	165600	169200	172800	176400	180000	183600	187200	190800	194400	198000	201600	252000	255600	259200	262800	266400	270000	273600	277200	280800	284400	342000	345600	349200	352800	356400	360000	363600	367200	370800	428400	432000	435600	439200	442800	446400	450000	453600	514800	518400	522000	525600	529200	532800	536400	540000	543600	601200	
253	100800	104400	108000	111600	115200	118800	122400	126000	129600	133200	136800	140400	144000	147600	151200	154800	158400	162000	165600	169200	172800	176400	180000	183600	187200	190800	194400	198000	201600	205200	208800	252000	255600	259200	262800	266400	270000	273600	277200	280800	284400	288000	291600	342000	345600	349200	352800	356400	360000	363600	367200	370800	374400	378000	428400	432000	435600	439200	442800	446400	450000	453600	457200	460800	464400	514800	518400	522000	525600	529200	532800	536400	540000	543600	547200	550800	601200	
255	97200	100800	104400	108000	111600	115200	118800	122400	126000	129600	133200	136800	140400	144000	147600	151200	154800	158400	162000	165600	169200	172800	176400	180000	183600	187200	190800	194400	198000	201600	248400	252000	255600	259200	262800	266400	270000	273600	277200	280800	284400	338400	342000	345600	349200	352800	356400	360000	363600	367200	370800	424800	428400	432000	435600	439200	442800	446400	450000	453600	457200	511200	514800	518400	522000	525600	529200	532800	536400	540000	543600	597600	601200	
257	61200	64800	79200	90000	93600	97200	144000	147600	151200	154800	158400	162000	165600	230400	234000	237600	241200	244800	248400	316800	320400	324000	327600	331200	334800	403200	406800	410400	414000	417600	421200	489600	493200	496800	500400	504000	507600	576000	579600	583200	586800	590400	594000	
259	64800	79200	90000	93600	144000	147600	151200	154800	158400	162000	165600	230400	234000	237600	241200	244800	248400	252000	316800	320400	324000	327600	331200	334800	338400	403200	406800	410400	414000	417600	421200	424800	489600	493200	496800	500400	504000	507600	511200	576000	579600	583200	586800	590400	594000	597600	
261	64800	68400	79200	82800	90000	93600	144000	147600	151200	154800	158400	162000	165600	230400	234000	237600	241200	244800	248400	252000	316800	320400	324000	327600	331200	334800	338400	403200	406800	410400	414000	417600	421200	424800	489600	493200	496800	500400	504000	507600	511200	576000	579600	583200	586800	590400	594000	597600	
263	64800	68400	82800	90000	144000	147600	151200	154800	158400	162000	165600	230400	234000	237600	241200	244800	248400	252000	316800	320400	324000	327600	331200	334800	338400	403200	406800	410400	414000	417600	421200	424800	489600	493200	496800	500400	504000	507600	511200	576000	579600	583200	586800	590400	594000	597600	
265	46800	50400	64800	68400	82800	90000	93600	97200	100800	104400	108000	111600	115200	129600	133200	136800	140400	144000	147600	151200	154800	158400	162000	165600	226800	230400	234000	237600	241200	244800	248400	252000	313200	316800	320400	324000	327600	331200	334800	338400	399600	403200	406800	410400	414000	417600	421200	424800	486000	489600	493200	496800	500400	504000	507600	511200	572400	576000	579600	583200	586800	590400	594000	597600	
267	68400	72000	75600	79200	82800	86400	93600	97200	100800	104400	147600	151200	154800	158400	162000	165600	169200	172800	180000	234000	237600	241200	244800	248400	252000	255600	259200	266400	320400	324000	327600	331200	334800	338400	342000	345600	352800	406800	410400	414000	417600	421200	424800	428400	432000	439200	493200	496800	500400	504000	507600	511200	514800	518400	525600	579600	583200	586800	590400	594000	597600	601200	
269	50400	54000	64800	68400	82800	90000	93600	97200	100800	104400	108000	111600	115200	118800	133200	136800	140400	144000	147600	151200	154800	158400	162000	165600	234000	237600	241200	244800	248400	252000	320400	324000	327600	331200	334800	338400	406800	410400	414000	417600	421200	424800	493200	496800	500400	504000	507600	511200	579600	583200	586800	590400	594000	597600	
271	46800	50400	54000	64800	68400	82800	86400	93600	97200	100800	104400	108000	111600	115200	118800	133200	136800	140400	144000	147600	151200	154800	158400	162000	165600	169200	234000	237600	241200	244800	248400	252000	255600	320400	324000	327600	331200	334800	338400	342000	406800	410400	414000	417600	421200	424800	428400	493200	496800	500400	504000	507600	511200	514800	579600	583200	586800	590400	594000	597600	601200	
273	50400	54000	57600	72000	75600	79200	82800	86400	93600	97200	100800	104400	108000	111600	115200	118800	122400	126000	129600	133200	136800	140400	144000	147600	151200	154800	158400	162000	165600	169200	237600	241200	244800	248400	252000	255600	324000	327600	331200	334800	338400	342000	410400	414000	417600	421200	424800	428400	496800	500400	504000	507600	511200	514800	583200	586800	590400	594000	597600	601200	
275	50400	54000	57600	61200	64800	68400	75600	79200	82800	90000	93600	97200	100800	104400	108000	111600	115200	118800	122400	126000	129600	133200	136800	140400	144000	147600	151200	154800	158400	162000	165600	169200	172800	241200	244800	248400	252000	255600	259200	327600	331200	334800	338400	342000	345600	414000	417600	421200	424800	428400	432000	500400	504000	507600	511200	514800	518400	586800	590400	594000	597600	601200	
1	93600	97200	100800	104400	108000	111600	115200	118800	122400	126000	129600	133200	136800	140400	144000	147600	151200	154800	158400	162000	165600	169200	172800	176400	180000	183600	187200	190800	194400	198000	201600	205200	208800	212400	216000	219600	223200	226800	230400	234000	237600	241200	244800	248400	252000	255600	259200	262800	266400	270000	273600	277200	280800	284400	288000	291600	295200	298800	302400	306000	309600	313200	316800	320400	324000	327600	331200	334800	338400	342000	345600	349200	352800	356400	360000	363600	367200	370800	374400	378000	381600	385200	388800	392400	396000	399600	403200	406800	410400	414000	417600	421200	424800	428400	432000	435600	439200	442800	446400	450000	453600	457200	460800	464400	468000	471600	475200	478800	482400	486000	489600	493200	496800	500400	504000	507600	511200	514800	518400	522000	525600	529200	532800	536400	540000	543600	547200	550800	554400	558000	561600	565200	568800	572400	576000	579600	583200	586800	590400	594000	597600	601200	
2	108000	111600	115200	118800	122400	126000	129600	133200	136800	140400	144000	147600	151200	154800	158400	162000	165600	169200	172800	176400	180000	183600	187200	190800	194400	198000	201600	205200	208800	212400	216000	219600	223200	226800	230400	234000	237600	241200	244800	248400	252000	255600	259200	262800	266400	270000	273600	277200	280800	284400	288000	291600	295200	298800	302400	306000	309600	313200	316800	320400	324000	327600	331200	334800	338400	342000	345600	349200	352800	356400	360000	363600	367200	370800	374400	378000	381600	385200	388800	392400	396000	399600	403200	406800	410400	414000	417600	421200	424800	428400	432000	435600	439200	442800	446400	450000	453600	457200	460800	464400	468000	471600	475200	478800	482400	486000	489600	493200	496800	500400	504000	507600	511200	514800	518400	522000	525600	529200	532800	536400	540000	543600	547200	550800	554400	558000	561600	565200	568800	572400	576000	579600	583200	586800	590400	594000	597600	601200	
3	82800	86400	90000	93600	97200	100800	104400	108000	111600	115200	118800	122400	126000	129600	133200	136800	140400	144000	147600	151200	154800	158400	162000	165600	169200	172800	176400	180000	183600	187200	190800	194400	198000	201600	205200	208800	212400	216000	219600	223200	226800	230400	234000	237600	241200	244800	248400	252000	255600	259200	262800	266400	270000	273600	277200	280800	284400	288000	291600	295200	298800	302400	306000	309600	313200	316800	320400	324000	327600	331200	334800	338400	342000	345600	349200	352800	356400	360000	363600	367200	370800	374400	378000	381600	385200	388800	392400	396000	399600	403200	406800	410400	414000	417600	421200	424800	428400	432000	435600	439200	442800	446400	450000	453600	457200	460800	464400	468000	471600	475200	478800	482400	486000	489600	493200	496800	500400	504000	507600	511200	514800	518400	522000	525600	529200	532800	536400	540000	543600	547200	550800	554400	558000	561600	565200	568800	572400	576000	579600	583200	586800	590400	594000	597600	601200	
