97
577
0.000000
112.923729
28.059322
183.750000
172.953390
267.516949
0.000000
0.000000
0.000000
66.694915
89.377119
69.872881
75.470339
150.983051
115.639831
140.245763
77.474576
69.525424
53.207627
53.923729
19.122881
4.881356
26.334746
28.597458
28.305085
30.059322
33.059322
70.233051
104.584746
90.644068
90.775424
86.635593
82.707627
31.838983
75.766949
83.194915
100.635593
104.724576
156.817797
161.296610
128.156780
115.805085
123.944915
123.694915
176.771186
180.991525
179.343220
177.762712
184.898305
185.381356
177.288136
174.440678
171.216102
170.135593
114.500000
153.894068
161.402542
190.974576
195.550847
176.813559
194.741525
223.728814
221.372881
223.470339
228.097458
233.275424
239.588983
244.970339
251.766949
255.567797
255.533898
256.186441
266.978814
252.855932
272.745763
272.288136
256.398305
276.364407
273.423729
280.813559
287.686441
277.694915
51.266949
51.533898
68.703390
68.758475
116.055085
169.063559
120.927966
164.932203
187.500000
214.309322
0.000000
0.000000
172.614407
263.728814
28.716102

